Kecamatan,Sangat Miskin (Desil 1),Miskin (Desil 2),Hampir Miskin (Desil 3),Rentan Miskin (Desil 4),Jumlah Total (KK)
Andir,922,1751,1147,1435,5255
Antapani,500,807,653,708,2668
Arcamanik,780,1369,906,809,3864
Astanaanyar,601,1187,841,1011,3640
Babakan Ciparay,3167,3102,1626,1292,9187
Bandung Kidul,682,1318,950,829,3779
Bandung Kulon,2698,2856,1380,1241,8175
Bandung Wetan,137,300,243,325,1005
Batununggal,1155,2667,2116,2509,8447
Bojongloa Kaler,2413,3939,2449,2347,11148
Bojongloa Kidul,1570,1899,1092,1120,5681
Buah Batu,951,1708,1202,1514,5375
Cibeunying Kaler,330,896,706,954,2886
Cibeunying Kidul,883,2022,1462,1668,6035
Cibiru,1095,1646,799,664,4204
Cicendo,771,1378,905,857,3911
Cidadap,353,677,401,369,1800
Cinambo,234,532,354,362,1482
Coblong,658,1642,1443,2210,5953
Gedebage,377,646,356,383,1762
Kiaracondong,1162,2544,2036,2587,8329
Lengkong,261,706,533,971,2471
Mandalajati,739,1410,781,889,3819
Panyileukan,197,543,339,535,1614
Rancasari,695,1186,673,478,3032
Regol,644,1312,915,1277,4148
Sukajadi,910,1856,1366,1262,5394
Sukasari,345,721,558,710,2334
Sumur Bandung,93,249,230,365,937
Ujung Berung,1100,2005,1147,1161,5413
Jumlah,26423,44874,29609,32842,133748