Bulan,A,B,O,AB,Jumlah Total,,
Januari,4120,3875,5684,1202,14881,,
Februari,3741,3265,4411,1014,12431,,
Maret,3296,3271,4770,948,12285,,
April,4363,3910,4753,1386,14412,,
Mei,3606,3632,4983,1035,13256,,
Juni,2782,3072,3828,686,10368,,
Juli,3917,3690,4551,1132,13290,,
Agustus,4146,3384,4602,1267,13399,,
September,3424,3280,4540,1140,12384,,
Oktober,3702,3566,4743,1237,13248,,
November,3357,3506,4454,1108,12425,,
Desember,3541,3688,4655,1154,13038,,
Total,43995,42139,55974,13309,155417,,
