id,nama_paket,pagu,metode_pemilihan,sumber_dana,instansi,skpd,tahun_anggaran,nama_kegiatan,jenis_belanja,jenis_pengadaan,volume,lokasi,deskripsi,sumber_dana_detail,pagu_detail,mata_anggaran,pemilihan_penyedia,awal_pemilihan,akhir_pemilihan,awal_pekerjaan,akhir_pekerjaan
6550732,"Belanja Modal Pengadaan Meubelair (Belanja Kursi Tunggu)",30000000,"Pengadaan Langsung",APBD,"Pemerintah Daerah Kota Bandung","DINAS KEPENDUDUKAN DAN PENCATATAN SIPIL",2016,"Penyediaan Peralatan dan Perlengkapan Kantor",Modal,Barang,"1 Paket","Jl. Ambon No.1B Kota Bandung",-,APBD," 30000000",1.10.1.10.01.01.01.13.5.2.3.28.01,"Pengadaan Langsung",16-02-2016,24-02-2016,25-02-2016,08-03-2016
6550725,"Belanja Modal Alat penyimpan Perlengkapan Kantor (Belanja Lemari/Rak Besi)",25000000,"Pengadaan Langsung",APBD,"Pemerintah Daerah Kota Bandung","DINAS KEPENDUDUKAN DAN PENCATATAN SIPIL",2016,"Penyediaan Peralatan dan Perlengkapan Kantor",Modal,Barang,"1 Paket","Jl. Ambon No.1B Kota Bandung",-,APBD," 25000000",1.10.1.10.01.01.01.13.5.2.3.27.04,"Pengadaan Langsung",16-02-2016,24-02-2016,25-02-2016,07-03-2016
8486537,"Rehab Taman dan Pelataran",155000000,"Pengadaan Langsung",APBDP,"Pemerintah Daerah Kota Bandung","DINAS KEPENDUDUKAN DAN PENCATATAN SIPIL",2016,"Rehabilitasi Sedang/Berat Gedung Kantor",Barang/jasa,"Pekerjaan Konstruksi","1 Paket","Jl. Ambon No.1B Kota Bandung","Pekerjaan Rehab Taman dan Pelataran Ruang Tunggu dan Tambahan Loket Layanan",APBDP," 155000000",1.10.1.10.01.01.01.02.42.5.2.2.20.05,"Pengadaan Langsung",21-11-2016,01-12-2016,02-12-2016,23-12-2016
5576199,"Belanja Modal Mesin Genset",200000000,"Pengadaan Langsung",APBD,"Pemerintah Daerah Kota Bandung","DINAS KEPENDUDUKAN DAN PENCATATAN SIPIL",2016,"Penyediaan Peralatan dan Perlengkapan Kantor",Modal,Barang,"1 Paket","Jl. Ambon No. 1b","Pengadaan Genset untuk kantor disdukcapil",APBD," 200000000",1.10.1.10.01.01.13.5.2.3.27.05,"Pengadaan Langsung",18-03-2016,04-04-2016,05-04-2016,18-04-2016
8485996,"Pengadaan Kursi Tamu",20000000,"Pengadaan Langsung",APBDP,"Pemerintah Daerah Kota Bandung","DINAS KEPENDUDUKAN DAN PENCATATAN SIPIL",2016,"Penyediaan Peralatan dan Perlengkapan Kantor",Barang/jasa,Barang,"1 Paket","Jl. Ambon No.1B Kota Bandung","Pengadaan Kursi Tamu SICE Untuk di Ruang Sekretaris Dinas",APBDP," 20000000",1.10.1.10.01.01.01.13.5.2.3.30.06,"Pengadaan Langsung",21-11-2016,01-12-2016,02-12-2016,07-12-2016
6722791,"Cetakan Umum Dinas",200000000,"Pengadaan Langsung",APBD,"Pemerintah Daerah Kota Bandung","DINAS KEPENDUDUKAN DAN PENCATATAN SIPIL",2016,"Penyediaan Barang Cetakan dan Penggandaan ",Barang/jasa,Barang,"1 paket","Jl.Ambon No.1 B Kota Bandung",-,APBD," 200000000",1.10.1.10.01.01.01.11.5.2.2.06.01,"Pengadaan Langsung",02-03-2016,30-03-2016,01-04-2016,25-04-2016
5571911,"Pengadaan Kendaraan Bermotor Khusus Pelayanan beserta Kelengkapannya",5100000000,"Lelang Umum","APBD,","Pemerintah Daerah Kota Bandung","DINAS KEPENDUDUKAN DAN PENCATATAN SIPIL",2016,"Pengadaan Kendaraan Dinas / Operasional",Modal,Barang,"6 Unit","Jl. Ambon No.1B Kota Bandung","Kendaraan Khusus Pelayanan untuk KTP Elektronik dan Akta Kelililing",APBD," 5100000000",1.10.1.10.01.02.05.5.2.3.17.04,"Lelang Umum",17-01-2016,31-01-2016,02-02-2016,29-04-2016
6550721,"Belanja Peralatan yang tidak dikapitalisasi (Belanja Jam Dinding)",1500000,"Pengadaan Langsung",APBD,"Pemerintah Daerah Kota Bandung","DINAS KEPENDUDUKAN DAN PENCATATAN SIPIL",2016,"Penyediaan Peralatan dan Perlengkapan Kantor",Barang/jasa,Barang,"3 Unit","Jl. Ambon No.1B Kota Bandung",-,APBD," 1500000",1.10.1.10.01.01.01.13.5.2.2.31.01,"Pengadaan Langsung",16-02-2016,24-02-2016,25-02-2016,07-03-2016
6550740,"Belanja Modal Peralatan dan Mesin (Belanja Pendingin Ruangan)",75000000,"Pengadaan Langsung",APBD,"Pemerintah Daerah Kota Bandung","DINAS KEPENDUDUKAN DAN PENCATATAN SIPIL",2016,"Penyediaan Peralatan dan Perlengkapan Kantor",Modal,Barang,"5 Unit","Jl. Ambon No.1B Kota Bandung",-,APBD," 75000000",1.10.1.10.01.01.01.13.5.2.3.28.04,"Pengadaan Langsung",16-02-2016,24-02-2016,25-02-2016,08-03-2016
6871152,"Belanja Modal Exhause Fan",5000000,e-Purchasing,APBD,"Pemerintah Daerah Kota Bandung","DINAS KEPENDUDUKAN DAN PENCATATAN SIPIL",2016,"Penyediaan Peralatan dan Perlengkapan Kantor",Modal,Barang,"1 Paket","Jl. Ambon No.1B Kota Bandung",-,APBD," 5000000",1.10.1.10.01.01.01.13.5.2.3.28.04,E-Purchasing,04-04-2016,11-04-2016,12-04-2016,19-04-2016
6715024,"Cetakan Kertas Khusus Braile",30000000,"Pengadaan Langsung",APBD,"Pemerintah Daerah Kota Bandung","DINAS KEPENDUDUKAN DAN PENCATATAN SIPIL",2016,"Penyediaan Barang Cetakan dan Penggandaan",Barang/jasa,Barang,"1 paket","Jl.Ambon no.1 B Kota Bandung",-,APBD," 30000000",1.10.1.10.01.01.01.11.5.2.2.06.01,"Pengadaan Langsung",02-05-2016,09-05-2016,10-05-2016,23-05-2016
7841946,"Belanja Modal Mesin Cetak Akte Huruf Braille",118000000,"Pengadaan Langsung",APBD,"Pemerintah Daerah Kota Bandung","DINAS KEPENDUDUKAN DAN PENCATATAN SIPIL",2016,"Penyediaan Peralatan dan Perlengkapan Kantor",Modal,Barang,"1 Paket","Jl. Ambon No.1B Kota Bandung","Mesin Cetak Akta yang berbasis Huruf Braille bagi penyandang Disabilitas",APBD," 118000000",1.10.1.10.01.01.01.13.5.2.3.29.05,"Pengadaan Langsung",04-10-2016,07-10-2016,09-10-2016,12-10-2016
7841950,"Belanja Modal Mesin Tik Huruf Braille",24000000,"Pengadaan Langsung",APBD,"Pemerintah Daerah Kota Bandung","DINAS KEPENDUDUKAN DAN PENCATATAN SIPIL",2016,"Penyediaan Peralatan dan Perlengkapan Kantor",Modal,Barang,"2 Unit","Jl. Ambon No.1B Kota Bandung","Mesin Tik Khusus berbasis Braille -",APBD," 24000000",1.10.1.10.01.01.01.13.5.2.3.27.05,"Pengadaan Langsung",28-03-2016,05-04-2016,06-04-2016,18-04-2016,"Belanja Modal Mesin Tik Huruf Braille (6871144) "
6599660,"Belanja Modal Printer",19000000,e-Purchasing,APBD,"Pemerintah Daerah Kota Bandung","DINAS KEPENDUDUKAN DAN PENCATATAN SIPIL",2016,"Penyediaan Peralatan dan Perlengkapan Kantor",Modal,Barang,"1 Paket","Jl. Ambon No.1B Kota Bandung",-,APBD," 19000000",1.10.1.10.01.01.01.13.5.2.3.29.05,E-Purchasing,17-02-2016,29-02-2016,01-03-2016,10-03-2016
8481908,"Penggandaan Buku Aturan Catatan Sipil",50000000,"Pengadaan Langsung",APBD,"Pemerintah Daerah Kota Bandung","DINAS KEPENDUDUKAN DAN PENCATATAN SIPIL",2016,"Penyediaan Barang Cetakan dan Penggandaan",Barang/jasa,"Jasa Lainnya","1 Paket","Jl. Ambon No.1B Kota Bandung",-,APBD," 50000000",1.10.1.10.01.01.01.11.5.2.2.06.2,"Pengadaan Langsung",21-11-2016,28-11-2016,29-11-2016,07-12-2016
8425768,"Cetak Blanko KK",170000000,"Pengadaan Langsung",APBDP,"Pemerintah Daerah Kota Bandung","DINAS KEPENDUDUKAN DAN PENCATATAN SIPIL",2016,"Penyediaan barang cetakan dan penggandaan",Barang/jasa,"Jasa Lainnya","37.777 lembar","Jl. Ambon No.1B Kota Bandung","Penyediaan Blangko Kartu Keluarga (KK) untuk pencetakan di Kewilayahan.",APBDP," 170000000",1.10.1.10.01.01.01.11.5.2.2.06.01,"Pengadaan Langsung",22-11-2016,28-11-2016,29-11-2016,06-12-2016
6871143,"Belanja Modal Mesin Kode Barang",2000000,"Pengadaan Langsung",APBD,"Pemerintah Daerah Kota Bandung","DINAS KEPENDUDUKAN DAN PENCATATAN SIPIL",2016,"Penyediaan Peralatan dan Perlengkapan Kantor",Modal,Barang,"1 Paket","Jl. Ambon No.1 Kota Bandung",-,APBD," 2000000",1.10.1.10.01.01.01.13.5.2.3.27.05,"Pengadaan Langsung",18-04-2016,26-04-2016,27-04-2016,11-05-2016
8654216,"Jasa Konsultansi Aplikasi Kependudukan",40000000,"Pengadaan Langsung",APBDP,"Pemerintah Daerah Kota Bandung","DINAS KEPENDUDUKAN DAN PENCATATAN SIPIL",2016,"Penyediaan Jasa Tenaga Pendukung Administrasi Perkantoran/Teknis Perkantoran ",Barang/jasa,"Jasa Konsultansi","1 Paket",Disdukcapil,"Jasa Konsultansi Aplikasi Kependudukan",APBDP," 40000000",1.10.1.10.01.01.01.19.5.2.2.21.04,"Pengadaan Langsung",01-11-2016,15-11-2016,16-11-2016,16-12-2016
6871178,"Belanja Modal Mesin Cetak Kartu Identitas Anak",510000000,e-Purchasing,APBD,"Pemerintah Daerah Kota Bandung","DINAS KEPENDUDUKAN DAN PENCATATAN SIPIL",2016,"Penyediaan Peralatan dan Perlengkapan Kantor",Modal,Barang,"1 Paket","Jl. Ambon No.1B Kota Bandung",-,APBD," 510000000",1.10.1.10.01.01.01.13.5.2.3.29.05,E-Purchasing,04-04-2016,11-04-2016,12-04-2016,20-04-2016
8179755,"Belanja Sewa Meja Kursi",10000000,"Pengadaan Langsung",APBD,"Pemerintah Daerah Kota Bandung","DINAS KEPENDUDUKAN DAN PENCATATAN SIPIL",2016,"Implementasi Sistem Administrasi Kependudukan ( membangun, updating dan pemeliharaan)",Barang/jasa,"Jasa Lainnya","1 Tahun","Jl. Ambon No.1B Kota Bandung","Belanja Sewa Meja Kursi dalam rangka percepatan perekaman KTP Elektronik keliling di 7 lokasi",APBD," 10000000",1.10.1.10.01.01.15.03.5.2.2.10.01,"Pengadaan Langsung",11-04-2016,26-04-2016,27-04-2016,29-09-2016
6545107,"Belanja Jasa Konsultansi Perencanaan",13800000,"Pengadaan Langsung",APBD,"Pemerintah Daerah Kota Bandung","DINAS KEPENDUDUKAN DAN PENCATATAN SIPIL",2016,"Pemeliharaan Rutin/Berkala Gedung Kantor",Barang/jasa,"Jasa Konsultansi","1 Paket","Jl. Ambon No.1B Kota Bandung",-,APBD," 13800000",1.10.1.10.01.01.02.22.5.2.2.21.02,"Pengadaan Langsung",13-01-2016,21-01-2016,22-01-2016,15-02-2016
6721906,"Keping Kartu Insentif Anak",351260000,"Lelang Sederhana",APBD,"Pemerintah Daerah Kota Bandung","DINAS KEPENDUDUKAN DAN PENCATATAN SIPIL",2016,"Penyediaan Barang Cetakan dan Penggandaan",Barang/jasa,Barang,"1 paket","Jl.Ambon No.1 B Kota Bandung",-,APBD," 351260000",1.10.1.10.01.01.01.11.5.2.2.06.01,"Lelang Sederhana",04-04-2016,25-04-2016,26-04-2016,30-05-2016
7634756,"Belanja Ribbon Colour ",2449500000,e-Purchasing,APBD,"Pemerintah Daerah Kota Bandung","DINAS KEPENDUDUKAN DAN PENCATATAN SIPIL",2016,"Implementasi Sistem Administrasi Kependudukan (membangun, Updating dan Pemeliharaan)",Barang/jasa,Barang,690,"Jl. Ambon No.1B Kota Bandung","Pengadaan Ribbon Colour untuk Pelayanan KTP Elektronik",APBD," 2449500000",1.10.1.10.01.01.15.03.5.2.2.01.01,E-Purchasing,15-07-2016,18-07-2016,20-07-2016,01-08-2016,"Belanja Alat Tulis Kantor (Ribbon Colour) (7634725) "
7738336,"Belanja Bimbingan Teknis",186000000,"Pengadaan Langsung",APBD,"Pemerintah Daerah Kota Bandung","DINAS KEPENDUDUKAN DAN PENCATATAN SIPIL",2016,"Pembinaan Kinerja Aparatur",Barang/jasa,"Jasa Lainnya","1 Paket","Kota Bandung","Peningkatan Kualitas SDM dalam bentuk Fundamental, Ethos dan Passion Program",APBD," 186000000",1.10.1.1.01.01.05.04.5.2.2.17.03,"Pengadaan Langsung",29-08-2016,31-08-2016,02-09-2016,04-09-2016
6871240,"Belanja Modal Pengadaan Lemari Arsip",25000000,"Pengadaan Langsung",APBD,"Pemerintah Daerah Kota Bandung","DINAS KEPENDUDUKAN DAN PENCATATAN SIPIL",2016,"Penyediaan Peralatan dan Perlengkapan Kantor",Modal,Barang,"1 Paket","Jl. Ambon No1B Kota Bandung",-,APBD," 25000000",1.10.1.10.01.01.01.13.5.2.3.30.07,"Pengadaan Langsung",04-04-2016,11-04-2016,12-04-2016,20-04-2016
8231718,"Belanja Modal Server",200000000,e-Purchasing,APBD,"Pemerintah Daerah Kota Bandung","DINAS KEPENDUDUKAN DAN PENCATATAN SIPIL",2016,"Penyediaan Peralatan dan Perlengkapan Kantor",Modal,Barang,"1 Paket","Jl. Ambon No.1B Kota Bandung","Server Untuk Perjanjian Kerjasama Pengelolaan Data Kependudukan",APBD," 200000000",1.10.1.10.01.01.01.13.5.2.3.29.03,E-Purchasing,01-11-2016,13-11-2016,14-11-2016,21-11-2016,"Belanja Modal Server (7843485) "
7969515,"Belanja Cetak",69000000,"Pengadaan Langsung",APBD,"Pemerintah Daerah Kota Bandung","DINAS KEPENDUDUKAN DAN PENCATATAN SIPIL",2016,"Pemeliharaan rutin/berkala arsip daerah",Barang/jasa,"Jasa Lainnya","1 Paket","Dinas Kependudukan dan Pencatatan Sipil","Belanja Cetak Penjilidan Buku Register",APBD," 69000000",1.24.1.10.01.01.17.02.5.2.2.06.01,"Pengadaan Langsung",01-08-2016,15-08-2016,15-08-2016,30-09-2016
6867846,"Belanja Modal Alat Penghancur Kertas",20000000,e-Purchasing,APBD,"Pemerintah Daerah Kota Bandung","DINAS KEPENDUDUKAN DAN PENCATATAN SIPIL",2016,"Penyediaan Peralatan dan Perlengkapan Kantor",Modal,Barang,"1 Paket","Jl. Ambon No.1B Kota Bandung",-,APBD," 20000000",1.10.1.10.01.01.01.13.5.2.3.27.05,E-Purchasing,18-04-2016,27-04-2016,28-04-2016,10-05-2016
6545055,"Penataan Lahan Parkir",25000000,"Pengadaan Langsung",APBD,"Pemerintah Daerah Kota Bandung","DINAS KEPENDUDUKAN DAN PENCATATAN SIPIL",2016,"Pemeliharaan Rutin/Berkala Gedung Kantor",Barang/jasa,"Pekerjaan Konstruksi","1 Paket","Jl. Ambon No.1B Kota Bandung",-,APBD," 25000000",1.10.1.10.01.01.02.22.5.2.2.20.05,"Pengadaan Langsung",15-02-2016,22-02-2016,23-02-2016,08-03-2016
6550685,"Belanja Souvenir",40000000,"Pengadaan Langsung",APBD,"Pemerintah Daerah Kota Bandung","DINAS KEPENDUDUKAN DAN PENCATATAN SIPIL",2016,"Penyediaan Barang Cetakan dan Penggandaan",Barang/jasa,Barang,"200 buah","Jl. Ambon No.1B Kota Bandung",-,APBD," 40000000",1.10.1.10.01.01.01.11.5.2.2.01.11,"Pengadaan Langsung",16-02-2016,23-02-2016,24-02-2016,04-03-2016
8486383,"Belanja Alat Tulis Kantor",48500000,"Pengadaan Langsung",APBDP,"Pemerintah Daerah Kota Bandung","DINAS KEPENDUDUKAN DAN PENCATATAN SIPIL",2016,"Penyediaan Alat Tulis Kantor",Barang/jasa,Barang,"1 Paket","Jl. Ambon No.1B Kota Bandung","Penyediaan Tambahan Alat Tulis Kantor untuk Pelayanan",APBDP," 48500000",1.10.1.10.01.01.01.10.5.2.2.01.01,"Pengadaan Langsung",21-11-2016,01-12-2016,02-12-2016,08-12-2016
8180110,"Belanja Pemeliharaan Komputer",40000000,"Pengadaan Langsung",APBD,"Pemerintah Daerah Kota Bandung","DINAS KEPENDUDUKAN DAN PENCATATAN SIPIL",2016,"Implementasi Sistem Administrasi Kependudukan ( membangun, updating dan pemeliharaan)",Barang/jasa,"Jasa Lainnya","1 Tahun","Jl. Ambon No.1B Kota Bandung","Belanja Pemeliharaan Komputer di 30 Kecamatan",APBD," 40000000",1.10.1.10.01.01.15.03.5.2.2.28.01,"Pengadaan Langsung",15-02-2016,01-03-2016,02-03-2016,30-10-2016
6550694,"Cetakan Kalender",3125000,"Pengadaan Langsung",APBD,"Pemerintah Daerah Kota Bandung","DINAS KEPENDUDUKAN DAN PENCATATAN SIPIL",2016,"Penyediaan Barang Cetakan dan Penggandaan",Barang/jasa,"Jasa Lainnya","125 Buah","Jl. Ambon No.1B Kota Bandung",-,APBD," 3125000",1.10.1.10.01.01.01.11.5.2.2.06.01,"Pengadaan Langsung",16-02-2016,24-02-2016,25-02-2016,04-03-2016
6871147,"Belanja Modal Pengadaan Gordyn",30000000,"Pengadaan Langsung",APBD,"Pemerintah Daerah Kota Bandung","DINAS KEPENDUDUKAN DAN PENCATATAN SIPIL",2016,"Penyediaan Peralatan dan Perlengkapan Kantor",Modal,Barang,"1 Paket","Jl. Ambon No.1B Kota Bandung",-,APBD," 30000000",1.10.1.10.01.01.01.13.5.2.3.28.01,"Pengadaan Langsung",04-04-2016,11-04-2016,12-04-2016,19-04-2016
6565634,"Belanja Modal Pengadaan Personal Komputer",50000000,e-Purchasing,APBD,"Pemerintah Daerah Kota Bandung","DINAS KEPENDUDUKAN DAN PENCATATAN SIPIL",2016,"Penyediaan Peralatan dan Perlengkapan Kantor",Modal,Barang,"5 Unit","Jl. Ambon No.1B Kota Bandung",-,APBD," 50000000",1.10.1.10.01.01.01.13.5.2.3.29.02,E-Purchasing,16-02-2016,24-02-2016,25-02-2016,09-03-2016
8486322,"Pengadaan Printer",10000000,"Pengadaan Langsung",APBDP,"Pemerintah Daerah Kota Bandung","DINAS KEPENDUDUKAN DAN PENCATATAN SIPIL",2016,"Penyediaan Peralatan dan Perlengkapan Kantor",Barang/jasa,Barang,"1 Paket","Jl. Ambon No.1B Kota Bandung","Pengadaan Tambahan Printer untuk Petugas Pelayanan",APBDP," 10000000",1.10.1.10.01.01.01.13.5.2.3.29.05,"Pengadaan Langsung",21-11-2016,01-12-2016,02-12-2016,07-12-2016
6871148,"Belanja Modal Pengadaan Tenda",35000000,"Pengadaan Langsung",APBD,"Pemerintah Daerah Kota Bandung","DINAS KEPENDUDUKAN DAN PENCATATAN SIPIL",2016,"Penyediaan Peralatan dan Perlengkapan Kantor",Modal,Barang,"1 Paket","Jl. Ambon No.1B Kota Bandung",-,APBD," 35000000",1.10.1.10.01.01.01.13.5.2.3.28.01,"Pengadaan Langsung",04-04-2016,11-04-2016,12-04-2016,19-04-2016
6550689,"Cetakan Buku Agenda Kerja",46875000,"Pengadaan Langsung",APBD,"Pemerintah Daerah Kota Bandung","DINAS KEPENDUDUKAN DAN PENCATATAN SIPIL",2016,"Penyediaan Barang Cetakan dan Pengandaan",Barang/jasa,"Jasa Lainnya","125 Buku","Jl. Ambon No.1B Kota Bandung",-,APBD," 46875000",1.10.1.10.01.01.01.11.5.2.2.06.01,"Pengadaan Langsung",16-02-2016,23-02-2016,24-02-2016,11-03-2016
7350744,"Belanja Cetak",40000000,"Pengadaan Langsung",APBD,"Pemerintah Daerah Kota Bandung","DINAS KEPENDUDUKAN DAN PENCATATAN SIPIL",2016,"Sosialisasi Kebijakan Kependudukan",Barang/jasa,"Jasa Lainnya","2000 Buku","Jl. Ambon No.1B","Penyediaan Cetakan Buku Perda ",APBD," 40000000",1.10.1.10.01.01.15.11.5.2.2.06.01,"Pengadaan Langsung",29-03-2016,08-04-2016,11-04-2016,20-04-2016
6550700,"Belanja Cetak (Cetak Banner/Roll Banner/Pamflet/Spanduk,dll)",50000000,"Pengadaan Langsung",APBD,"Pemerintah Daerah Kota Bandung","DINAS KEPENDUDUKAN DAN PENCATATAN SIPIL",2016,"Penyediaan Barang Cetakan dan Penggandaan",Barang/jasa,"Jasa Lainnya","1 Paket","Jl. Ambon No.1B Kota Bandung",-,APBD," 50000000",1.10.1.10.01.01.01.11.5.2.2.06.03,"Pengadaan Langsung",16-02-2016,24-02-2016,26-02-2016,07-03-2016
6722345,"Penggandaan Buku Catatan Sipil",50000000,"Pengadaan Langsung",APBD,"Pemerintah Daerah Kota Bandung","DINAS KEPENDUDUKAN DAN PENCATATAN SIPIL",2016,"Penggandaan Buku Aturan Catatan Sipil",Barang/jasa,Barang,"1 paket","Jl.Ambon No.1 B Kota Bandung",-,APBD," 50000000",1.10.1.10.01.01.01.11.5.2.2.06.02,"Pengadaan Langsung",02-05-2016,23-05-2016,24-05-2016,20-06-2016
7634759,"Belanja Retransfer Film",356400000,e-Purchasing,APBD,"Pemerintah Daerah Kota Bandung","DINAS KEPENDUDUKAN DAN PENCATATAN SIPIL",2016,"Implementasi Sistem Administrasi Kependudukan (membangun, Updating dan Pemeliharaan)",Barang/jasa,Barang,216,"Jl. Ambon No.1B Kota Bandung","Retransfer Film Untuk Pelayanan KTP Elektronik",APBD," 356400000",1.10.1.10.01.01.15.03.5.2.2.01.01,E-Purchasing,15-07-2016,18-07-2016,20-07-2016,01-08-2016,"Belanja Alat Tulis Kantor (Film) (7634745) "
6867811,"Belanja Modal Peralatan dan Mesin (Belanja Air Purifier)",24000000,e-Purchasing,APBD,"Pemerintah Daerah Kota Bandung","DINAS KEPENDUDUKAN DAN PENCATATAN SIPIL",2016,"Penyediaan Peralatan dan Perlengkapan Kantor",Modal,Barang,"4 Unit","Jl. Ambon No.1B Kota Bandung",-,APBD," 24000000",1.10.1.10.01.01.01.13.5.2.3.28.04,E-Purchasing,17-02-2016,25-02-2016,26-02-2016,09-03-2016,"Belanja Modal Peralatan dan Mesin (Belanja Air Purifier) (6550743) "
8481841,"Cetakan Buku SOP",30000000,"Pengadaan Langsung",APBDP,"Pemerintah Daerah Kota Bandung","DINAS KEPENDUDUKAN DAN PENCATATAN SIPIL",2016,"Penyediaan Barang Cetakan dan Penggandaan",Barang/jasa,"Jasa Lainnya","1 Paket","Jl. Ambon No.1B Kota Bandung","Cetalkan Buku Standar Operasional dan Proseur (SOP) Dinas Kependudukan dan Pencatatan Sipil.",APBDP," 30000000",1.10.1.10.01.01.01.11.5.2.2.06.01,"Pengadaan Langsung",28-11-2016,01-12-2016,02-12-2016,07-12-2016
7333187,"Belanja Souvenir",30000000,"Pengadaan Langsung",APBD,"Pemerintah Daerah Kota Bandung","DINAS KEPENDUDUKAN DAN PENCATATAN SIPIL",2016,"Sosialisasi kebijakan kependudukan",Barang/jasa,Barang,"1 Paket","Dinas Kependudukan & Pencatatan Sipil Kota Bandung","Belanja Souvenir",APBD," 30000000",1.10.1.10.01.01.15.11.5.2.2.01.11,"Pengadaan Langsung",01-04-2016,07-04-2016,08-04-2016,30-04-2016
6599800,"Belanja Modal Proyektor",20000000,e-Purchasing,APBD,"Pemerintah Daerah Kota Bandung","DINAS KEPENDUDUKAN DAN PENCATATAN SIPIL",2016,"Penyediaan Peralatan dan Perlengkapan Kantor",Modal,Barang,"2 Unit","Jl. Ambon No.1B Kota Bandung",-,APBD," 20000000",1.10.1.10.01.01.01.13.5.2.3.31.01,E-Purchasing,17-02-2016,24-02-2016,26-02-2016,04-03-2016
8179927,"Belanja Sewa Tenda",20000000,"Pengadaan Langsung",APBD,"Pemerintah Daerah Kota Bandung","DINAS KEPENDUDUKAN DAN PENCATATAN SIPIL",2016,"Implementasi Sistem Administrasi Kependudukan ( membangun, updating dan pemeliharaan)",Barang/jasa,"Jasa Lainnya","1 Tahun","Jl. Ambon No.1B Kota Bandung","Belanja Sewa Tenda dalam rangka Percepatan Perekaman KTP Elektronik keliling di 7 Lokasi",APBD," 20000000",1.10.1.10.01.01.15.03.5.2.2.10.05,"Pengadaan Langsung",11-04-2016,26-04-2016,27-04-2016,29-09-2016
6871283,"Belanja Modal Kursi Roda",4000000,"Pengadaan Langsung",APBD,"Pemerintah Daerah Kota Bandung","DINAS KEPENDUDUKAN DAN PENCATATAN SIPIL",2016,"Penyediaan Peralatan dan Perlengkapan Kantor",Modal,Barang,"2 Unit","Jl. Ambon No.1B Kota Bandung",-,APBD," 4000000",1.10.1.10.01.01.01.13.5.2.2.35.01,"Pengadaan Langsung",04-04-2016,11-04-2016,12-04-2016,20-04-2016
7011912,"Rehab Toilet, Septik Tank, Ruang Pelayanan, dll",143000000,"Pengadaan Langsung",APBD,"Pemerintah Daerah Kota Bandung","DINAS KEPENDUDUKAN DAN PENCATATAN SIPIL",2016,"Rehabilitasi Sedang/Berat Gedung Kantor",Barang/jasa,"Pekerjaan Konstruksi","1 Paket","Jl. Ambon No.1B Kota Bandung",-,APBD," 143000000",1.10.1.10.01.01.02.42.5.2.2.20.05,"Pengadaan Langsung",24-02-2016,02-03-2016,03-03-2016,23-03-2016,"Rehab Toilet, Septik Tank, Ruang Pelayanan, dll (6550189) "
5572119,"Pengadaan Kendaraan Bermotor Beroda Dua",540000000,e-Purchasing,"APBD,","Pemerintah Daerah Kota Bandung","DINAS KEPENDUDUKAN DAN PENCATATAN SIPIL",2016,"Pengadaan Kendaraan Dinas/Operasional",Modal,Barang,"30 Unit","Jl. Ambon No.1B Kota Bandung","Kendaraan Bermotor Roda Dua untuk Operasional Operator KTP Elektronik di Kewilayahan",APBD," 540000000",1.10.1.10.01.02.05.5.2.3.17.05,E-Purchasing,24-01-2016,29-01-2016,31-01-2016,07-02-2016
7843209,"Belanja Modal Card Personalization Printer",460500000,e-Purchasing,APBD,"Pemerintah Daerah Kota Bandung","DINAS KEPENDUDUKAN DAN PENCATATAN SIPIL",2016,"Implementasi Sistem Administrasi Kependudukan (membangun, updating dan pemeliharaan)",Modal,Barang,"10 Unit","Jl. Ambon No.1B Kota Bandung","Peralatan untuk mendukung Pelayanan KTP Elektronik",APBD," 460500000",1.10.1.10.01.01.15.03.5.2.3.29.05,E-Purchasing,04-10-2016,09-10-2016,10-10-2016,14-10-2016
6871260,"Belanja Modal Pengadaan Kamera Digital",20000000,e-Purchasing,APBD,"Pemerintah Daerah Kota Bandung","DINAS KEPENDUDUKAN DAN PENCATATAN SIPIL",2016,"Penyediaan Peralatan dan Perlengkapan Kantor",Modal,Barang,"2 Unit","Jl. Ambon No.1B Kota Bandung",-,APBD," 20000000",1.10.1.10.01.01.01.13.5.2.2.31.01,E-Purchasing,04-04-2016,11-04-2016,12-04-2016,20-04-2016
8343647,"Belanja Modal Fingger Print Scanner dan Iris Scanner ",346050000,e-Purchasing,APBD,"Pemerintah Daerah Kota Bandung","DINAS KEPENDUDUKAN DAN PENCATATAN SIPIL",2016,"Implementasi Sistem Administrasi Kependudukan (Membangun, Updating dan Pemeliharaan)",Barang/jasa,Barang,"Finnger Print Scanner 7 Unit, Iris Scanner 7 Unit","Jl. Ambon No.1B Kota Bandung","Peralatan Pendukung untuk Pelayanan Perekaman KTP Elektronik (KTP-el)",APBD," 346050000",1.10.1.10.01.01.15.03.5.2.3.29.05,E-Purchasing,28-11-2016,30-11-2016,01-12-2016,08-12-2016
6550711,"Belanja Peralatan yang tidak dikapitalisasi (Belanja Pembatas Antrian)",20000000,"Pengadaan Langsung",APBD,"Pemerintah Daerah Kota Bandung","DINAS KEPENDUDUKAN DAN PENCATATAN SIPIL",2016,"Penyediaan Peralatan dan Perlengkapan Kantor",Barang/jasa,Barang,"1 Paket","Jl. Ambon No.1B Kota Bandung",-,APBD," 20000000",1.10.1.10.01.01.01.13.5.2.2.31.01,"Pengadaan Langsung",16-02-2016,24-02-2016,25-02-2016,07-03-2016
8422620,"Belanja Modal Tambahan Kendaraan Beroda Dua",181533480,e-Purchasing,APBDP,"Pemerintah Daerah Kota Bandung","DINAS KEPENDUDUKAN DAN PENCATATAN SIPIL",2016,"Pengadaan Kendaraan Dinas/operasional ",Barang/jasa,Barang,"1 Paket","Jl. Ambon No.1B Kota Bandung","Penyediaan Tambahan 11 (Sebelas) Unit Kendaraan Bermotor Roda Dua bagi Petugas Operator di Kewilayahan.",APBDP," 181533480",1.10.1.10.01.01.02.05.5.2.3.17.05,E-Purchasing,05-12-2016,06-12-2016,07-12-2016,12-12-2016
8502942,"Belanja Cetak",55000000,"Pengadaan Langsung",APBDP,"Pemerintah Daerah Kota Bandung","DINAS KEPENDUDUKAN DAN PENCATATAN SIPIL",2016,"Pengolahan Dalam Penyusunan Laporan Informasi Kependudukan",Barang/jasa,"Jasa Lainnya","1 Paket",Disdukcapil,"Belanja Cetak Buku Profil Dinas Kependudukan",APBDP," 55000000",1.10.1.10.01.01.15.06.5.2.2.06.01,"Pengadaan Langsung",01-11-2016,15-11-2016,16-11-2016,30-11-2016
7519920,"Jasa Tenaga Pengamanan (SATPAM) Kantor",178400000,"Pengadaan Langsung",APBD,"Pemerintah Daerah Kota Bandung","DINAS KEPENDUDUKAN DAN PENCATATAN SIPIL",2016,"Penyediaan Jasa Pengamanan Kantor",Barang/jasa,"Jasa Lainnya","1 Paket","Jl. Ambon No.1B Kota Bandung","Pekerjaan Penyediaan Jasa Tenaga Pengamanan Periode Bulan Januari s.d Juni 2016",APBD," 178400000",1.10.1.10.01.01.01.20.5.2.2.03.17,"Pengadaan Langsung",13-01-2016,22-01-2016,26-01-2016,30-06-2016
6545046,"Penataan Pagar dan Taman",100000000,"Pengadaan Langsung",APBD,"Pemerintah Daerah Kota Bandung","DINAS KEPENDUDUKAN DAN PENCATATAN SIPIL",2016,"Pemeliharaan Rutin/Berkala Gedung Kantor",Barang/jasa,"Jasa Lainnya","1 Paket","Jl. Ambon No.1B Kota Bandung",-,APBD," 100000000",1.10.1.10.01.01.02.22.5.2.2.20.05,"Pengadaan Langsung",15-02-2016,22-02-2016,23-02-2016,16-03-2016
6550202,"Belanja Jasa Konsultansi Pengawasan",5000000,"Pengadaan Langsung",APBD,"Pemerintah Daerah Kota Bandung","DINAS KEPENDUDUKAN DAN PENCATATAN SIPIL",2016,"Rehabilitasi Sedang/Berat Gedung Kantor",Barang/jasa,"Jasa Konsultansi","1 Paket","Jl. Ambon No.1B Kota Bandung",-,APBD," 5000000",1.10.1.10.01.01.02.42.5.2.2.21.03,"Pengadaan Langsung",15-02-2016,22-02-2016,23-02-2016,29-02-2016
8057372,"Belanja Pakaian PDH (Putih dan Khaki), Pakaian Kerja Lapangan (Pakaian pelayanan), Pakaian Khusus dan Hari-Hari tertentu (Pakaian Adat Sunda) ",107000000,"Pengadaan Langsung",APBD,"Pemerintah Daerah Kota Bandung","DINAS KEPENDUDUKAN DAN PENCATATAN SIPIL",2016,"Pengadaan Pakaian Dinas Beserta Perlengkapannya",Barang/jasa,"Jasa Lainnya","2 Paket","Jl. Ambon No.1B Kota Bandung","Belanja Pakaian PDH untuk Operator KTP di Kewilayahan, Pakaian Pelayanan untuk Petugas Loket Front Office Dinas dan Pakaiah Adat Sunda Bagi Struktural Dinas Dukcapil",APBD," 107000000",1.10.1.10.01.01.03.02.5.2.2.12.04/13.01/14.02,"Pengadaan Langsung",25-10-2016,28-10-2016,30-10-2016,11-11-2016,"Belanja Pakaian PDH (Putih dan Khaki), Pakaian Kerja Lapangan (Pakaian pelayanan), Pakaian Khusus dan Hari-Hari tertentu (Pakaian Adat Sunda) (8006270) "
6545096,"Perbaikan Instalasi Air Kotor",25000000,"Pengadaan Langsung",APBD,"Pemerintah Daerah Kota Bandung","DINAS KEPENDUDUKAN DAN PENCATATAN SIPIL",2016,"Pemeliharaan Rutin/Berkala Gedung Kantor",Barang/jasa,"Jasa Lainnya","1 Paket","Jl. Ambon No.1B Kota Bandung",-,APBD," 25000000",1.10.1.10.01.01.02.22.5.2.2.20.05,"Pengadaan Langsung",15-02-2016,22-02-2016,23-02-2016,08-03-2016
7663042,"Belanja Cetak Blanko Kependudukan",74000000,"Pengadaan Langsung",APBD,"Pemerintah Daerah Kota Bandung","DINAS KEPENDUDUKAN DAN PENCATATAN SIPIL",2016,"Pengembangan data base kependudukan",Barang/jasa,Barang,"1 Paket",Disdukcapil,"Belanja Cetak Blanko Kependudukan",APBD," 74000000",1.10.1.10.01.01.15.08.5.2.2.06.01,"Pengadaan Langsung",01-03-2016,14-03-2016,15-03-2016,15-04-2016
6545121,"Belanja Jasa Konsultasi Pengawasan",10680000,"Pengadaan Langsung",APBD,"Pemerintah Daerah Kota Bandung","DINAS KEPENDUDUKAN DAN PENCATATAN SIPIL",2016,"Pemeliharaan Rutin/Berkala Gedung Kantor",Barang/jasa,"Jasa Konsultansi","1 Paket","Jl. Ambon No.1B Kota Bandung",-,APBD," 10680000",1.10.1.10.01.01.02.22.5.2.2.21.03,"Pengadaan Langsung",01-02-2016,10-02-2016,15-02-2016,30-03-2016
8486123,"Pengadaan Televisi",35000000,"Pengadaan Langsung",APBDP,"Pemerintah Daerah Kota Bandung","DINAS KEPENDUDUKAN DAN PENCATATAN SIPIL",2016,"Penyediaan Peralatan dan Perlengkapan Kantor",Barang/jasa,Barang,"1 Paket","Jl. Ambon No.1B Kota Bandung","Pengadaan Televisi peruntukan Visualisasi Data Kependudukan dan Informasi Lainnya",APBDP," 35000000",1.10.1.10.01.01.01.13.5.2.3.28.06,"Pengadaan Langsung",21-11-2016,01-12-2016,02-12-2016,08-12-2016
7751058,"Pengadaan Blangko dan Formulir Pendaftaran Penduduk dan Pencatatan Sipil",2932860000,"Lelang Sederhana",APBN,"Pemerintah Daerah Kota Bandung","DINAS KEPENDUDUKAN DAN PENCATATAN SIPIL",2016,"PENGEMBANGAN SISTEM ADMINISTRASI KEPENDUDUKAN (SAK) TERPADU",Barang/jasa,Barang,"2 Paket ","Jl. Ambon No.1B Kota Bandung","Pengadaan Blangko Security dan Formulir Pendaftaran Penduduk dan Pencatatan Sipil (KPPN.022.Bandung I)",APBN," 2932860000",010.08.025139.10.08.02.1267.001.011.521811,"Lelang Sederhana",02-09-2016,19-09-2016,26-09-2016,01-11-2016,"Pengadaan Blangko dan Formulir Pendaftaran Penduduk dan Pencatatan Sipil (7750838) "
6871202,"Belanja Modal Controller Antrian",15000000,"Pengadaan Langsung",APBD,"Pemerintah Daerah Kota Bandung","DINAS KEPENDUDUKAN DAN PENCATATAN SIPIL",2016,"Penyediaan Peralatan dan Perlengkapan Kantor",Modal,Barang,"1 Paket","Jl. Ambon No.1B Kota Bandung",-,APBD," 15000000",1.10.1.10.01.01.01.13.5.2.3.29.06,"Pengadaan Langsung",07-03-2016,14-03-2016,15-03-2016,22-03-2016
6722097,"Keping Kartu Identitas Anak",349650000,"Lelang Sederhana",APBD,"Pemerintah Daerah Kota Bandung","DINAS KEPENDUDUKAN DAN PENCATATAN SIPIL",2016,"Penyediaan Barang Cetakan dan Penggandaan",Barang/jasa,Barang,"1 paket","Jl.Ambon No.1 B Kota Bandung",-,APBD," 349650000",1.10.1.10.01.01.01.11.5.2.2.06.01,"Lelang Sederhana",04-04-2016,25-04-2016,26-04-2016,30-05-2016
8486496,"Rehab Ruang Kerja dan Rehab Gudang",161000000,"Pengadaan Langsung",APBDP,"Pemerintah Daerah Kota Bandung","DINAS KEPENDUDUKAN DAN PENCATATAN SIPIL",2016,"Rehabilitasi Sedang/Berat Gedung Kantor",Barang/jasa,"Pekerjaan Konstruksi","1 Paket","Jl. Ambon No.1B Kota Bandung","Rehab Ruang Kerja dan Gudang untuk tempat Penyimpanan Arsip Dukcapil",APBDP," 161000000",1.10.1.10.01.01.02.42.5.2.2.20.05,"Pengadaan Langsung",21-11-2016,01-12-2016,02-12-2016,23-12-2016
6550175,"Belanja Jasa Konsultansi Perencanaan",10000000,"Pengadaan Langsung",APBD,"Pemerintah Daerah Kota Bandung","DINAS KEPENDUDUKAN DAN PENCATATAN SIPIL",2016,"Rehabilitasi Sedang/Berat Gedung Kantor",Barang/jasa,"Jasa Konsultansi","1 Paket","Jl. Ambon No.1B Kota Bandung",-,APBD," 10000000",1.10.1.10.01.01.02.42.5.2.2.21.02,"Pengadaan Langsung",14-01-2016,22-01-2016,25-01-2016,29-02-2016
6599634,"Belanja Modal Card Reader",50000000,"Pengadaan Langsung",APBD,"Pemerintah Daerah Kota Bandung","DINAS KEPENDUDUKAN DAN PENCATATAN SIPIL",2016,"Penyediaan Peralatan dan Perlengkapan Kantor",Modal,Barang,"1 Paket","Jl. Ambon No.1B Kota Bandung",-,APBD," 50000000",1.10.1.10.01.01.01.13.5.2.3.29.05,"Pengadaan Langsung",16-02-2016,29-02-2016,01-03-2016,10-03-2016
6550708,"Belanja Peralatan yang tidak dikapitalisasi (Belanja Mouse, Keyboard, dll)",20000000,"Pengadaan Langsung",APBD,"Pemerintah Daerah Kota Bandung","DINAS KEPENDUDUKAN DAN PENCATATAN SIPIL",2016,"Penyediaan Peralatan dan Perlengkapan Kantor",Barang/jasa,Barang,"1 Tahun","Jl. Ambon No.1B Kota Bandung",-,APBD," 20000000",1.10.1.10.01.01.01.13.5.2.2.31.01,"Pengadaan Langsung",16-02-2016,24-02-2016,25-02-2016,04-03-2016
6565866,"Belanja Modal Pengadaan Komputer Notebook",100000000,e-Purchasing,APBD,"Pemerintah Daerah Kota Bandung","DINAS KEPENDUDUKAN DAN PENCATATAN SIPIL",2016,"Penyediaan Peralatan dan Perlengkapan Kantor",Modal,Barang,"5 Unit","Jl. Ambon No.1B Kota Bandung",-,APBD," 100000000",1.10.1.10.01.01.01.13.5.2.3.29.02,E-Purchasing,22-02-2016,29-02-2016,01-03-2016,08-03-2016
8461321,"Belanja Jasa Konsultansi Aplikasi (Aplikasi Berbasis Web Surat Keterangan Tinggal Sementara)",38000000,"Pengadaan Langsung",APBD,"Pemerintah Daerah Kota Bandung","DINAS KEPENDUDUKAN DAN PENCATATAN SIPIL",2016,"Pengembangan data base kependudukan",Barang/jasa,"Jasa Konsultansi","1 Paket",Disdukcapil,"Aplikasi Berbasis Web Surat Keterangan Tinggal Sementara",APBD," 38000000",1.10.1.10.01.01.15.08.5.2.2.21.04,"Pengadaan Langsung",07-02-2016,29-02-2016,01-03-2016,30-04-2016
7995609,"Belanja Dekorasi Mobil Hias HUT Kota Bandung",60000000,"Pengadaan Langsung",APBD,"Pemerintah Daerah Kota Bandung","DINAS KEPENDUDUKAN DAN PENCATATAN SIPIL",2016,"Penyediaan Bahan Logistik Kantor",Barang/jasa,"Jasa Lainnya","1 Paket","Jl. Ambon No.1B Kota Bandung","Dekorasi Mobil Hias yang digunakan pada Acara Bandung Light Festival dalam rangka HUT Kota Bandung ",APBD," 60000000",1.10.1.10.01.01.01.16.5.2.2.01.14,"Pengadaan Langsung",24-10-2016,28-10-2016,28-10-2016,31-10-2016
7745123,"Belanja Alat Tulis Kantor",53500000,"Pengadaan Langsung",APBD,"Pemerintah Daerah Kota Bandung","DINAS KEPENDUDUKAN DAN PENCATATAN SIPIL",2016,"Penyediaan Alat Tulis Kantor",Barang/jasa,Barang,"2 Paket","Jl. Ambon No.1B","Penyediaan Kebutuhan Alat Tulis Kantor",APBD," 53500000",1.10.1.10.01.01.10.5.2.2.01.01,"Pengadaan Langsung",11-08-2016,18-08-2016,21-08-2016,29-08-2016,"Belanja Alat Tulis Kantor (6479446) "
6545084,"Penataan Bangunan Pos Satpam",75000000,"Pengadaan Langsung",APBD,"Pemerintah Daerah Kota Bandung","DINAS KEPENDUDUKAN DAN PENCATATAN SIPIL",2016,"Pemeliharaan Rutin/Berkala Gedung Kantor",Barang/jasa,"Pekerjaan Konstruksi","1 Paket","Jl.Ambon No.1B Kota Bandung",-,APBD," 75000000",1.10.1.10.01.01.02.22.5.2.2.20.05,"Pengadaan Langsung",15-02-2016,22-02-2016,23-02-2016,14-03-2016
6550745,"Belanja Jasa Cleaning Service",73800000,"Pengadaan Langsung",APBD,"Pemerintah Daerah Kota Bandung","DINAS KEPENDUDUKAN DAN PENCATATAN SIPIL",2016,"Penyediaan Jasa Kebersihan Kantor",Barang/jasa,"Jasa Lainnya","1 Paket","Jl. Ambon No.1B",-,APBD," 73800000",1.10.1.10.01.01.08.5.2.2.03.15,"Pengadaan Langsung",14-01-2016,21-01-2016,22-01-2016,30-11-2016,"Belana Jasa Cleaning Service (6479439) "
6599584,"Belanja Modal Scanner",60000000,e-Purchasing,APBD,"Pemerintah Daerah Kota Bandung","DINAS KEPENDUDUKAN DAN PENCATATAN SIPIL",2016,"Penyediaan Peralatan dan Perlengkapan Kantor",Modal,Barang,"3 Unit","Jl. Ambon No.1B",-,APBD," 60000000",1.10.1.10.01.01.01.13.5.2.3.29.05,E-Purchasing,17-02-2016,24-02-2016,25-02-2016,10-03-2016
8517961,"Belanja Pemeliharaan Jaringan",100000000,"Pengadaan Langsung",APBD,"Pemerintah Daerah Kota Bandung","DINAS KEPENDUDUKAN DAN PENCATATAN SIPIL",2016,"Implementasi Sistem Administrasi Kependudukan (membangun, updating dan pemeliharaan)",Barang/jasa,"Jasa Lainnya","1 Paket",Disdukcapil,"Belanja Pemeliharaan Jaringan",APBD," 100000000",1.10.1.10.01.01.15.03.5.2.2.20.08,"Pengadaan Langsung",01-02-2016,29-02-2016,01-03-2016,01-12-2016
6545010,"Pelaburan, Perbaikan Ruangan, dll",92420000,"Pengadaan Langsung",APBD,"Pemerintah Daerah Kota Bandung","DINAS KEPENDUDUKAN DAN PENCATATAN SIPIL",2016,"Pemeliharaan Rutin/Berkala Gedung Kantor",Barang/jasa,"Pekerjaan Konstruksi","1 Paket","Jl. Ambon No.1B Kota Bandung",-,APBD," 92420000",1.10.1.10.01.01.02.22.5.2.2.20.05,"Pengadaan Langsung",01-02-2016,08-02-2016,09-02-2016,09-03-2016
7696315,"Belanja Poster, Spanduk, Banner, Baligo, dll",145500000,"Pengadaan Langsung",APBD,"Pemerintah Daerah Kota Bandung","DINAS KEPENDUDUKAN DAN PENCATATAN SIPIL",2016,"Sosialisasi kebijakan kependudukan",Barang/jasa,"Jasa Lainnya","1 Paket","Disdukcapil Kota Bandung","Belanja Poster, Spanduk, Banner, Baligo, dll",APBD," 145500000",1.10.1.10.01.01.15.11.5.2.2.01.10,"Pengadaan Langsung",01-04-2016,20-04-2016,21-04-2016,21-05-2016
8581354,"Jasa Konsultansi Aplikasi SMS Gateway",30000000,"Pengadaan Langsung",APBDP,"Pemerintah Daerah Kota Bandung","DINAS KEPENDUDUKAN DAN PENCATATAN SIPIL",2016,"Penyediaan Jasa Tenaga Pendukung Administrasi Perkantoran/Teknis Perkantoran ",Barang/jasa,"Jasa Konsultansi","1 Paket",Disdukcapil,"Jasa Konsultansi Aplikasi SMS Gateway",APBDP," 30000000",1.10.1.10.01.01.01.19.5.2.2.21.04,"Pengadaan Langsung",01-10-2016,15-10-2016,16-10-2016,16-11-2016
7745120,"Belanja Alat Tulis Kantor",53500000,"Pengadaan Langsung",APBD,"Pemerintah Daerah Kota Bandung","DINAS KEPENDUDUKAN DAN PENCATATAN SIPIL",2016,"Penyediaan Alat Tulis Kantor",Barang/jasa,Barang,"2 Paket","Jl. Ambon No.1B","Penyediaan Kebutuhan Alat Tulis Kantor",APBD," 53500000",1.10.1.10.01.01.10.5.2.2.01.01,"Pengadaan Langsung",11-02-2016,18-02-2016,21-02-2016,29-02-2016,"Belanja Alat Tulis Kantor (6479446) "
5572411,"Belanja Sepeda Listrik",20000000,"Pengadaan Langsung","APBD,","Pemerintah Daerah Kota Bandung","DINAS KEPENDUDUKAN DAN PENCATATAN SIPIL",2016,"Pengadaan Kendaraan Dinas / Operasional",Modal,Barang,"1 Paket","Jl. Ambon No.1B Kota Bandung",-,APBD," 20000000",1.10.1.10.01.02.05.5.2.3.17.05,"Pengadaan Langsung",24-01-2016,29-01-2016,31-01-2016,14-02-2016
7146407,"Pengadaan Cetakan Formulir Pencatatan Sipil",187000000,"Pengadaan Langsung",APBD,"Pemerintah Daerah Kota Bandung","DINAS KEPENDUDUKAN DAN PENCATATAN SIPIL",2016,"Peningkatan pelayanan publik dalam bidang kependudukan",Barang/jasa,"Jasa Lainnya","1 Paket",Disdukcapil,"Pengadaan Cetakan Formulir Pencatatan Sipil",APBD," 187000000",1.10.1.10.01.01.15.07.5.2.2.06.01,"Pengadaan Langsung",15-02-2016,23-02-2016,24-02-2016,24-03-2016,"Pengadaan Cetakan Formulir Pencatatan Sipil (7146299) "
8654192,"Jasa Konsultansi Aplikasi Perjanjian Kerjasama",40000000,"Pengadaan Langsung",APBDP,"Pemerintah Daerah Kota Bandung","DINAS KEPENDUDUKAN DAN PENCATATAN SIPIL",2016,"Penyediaan Jasa Tenaga Pendukung Administrasi Perkantoran/Teknis Perkantoran",Barang/jasa,"Jasa Konsultansi","1 Paket",Disdukcapil,"Aplikasi Perjanjian Kerjasama",APBDP," 40000000",1.10.1.10.01.01.01.19.5.2.2.21.04,"Pengadaan Langsung",01-11-2016,15-11-2016,16-11-2016,16-12-2016
8581346,"Jasa Konsultansi Aplikasi Kesekertariatan",35000000,"Pengadaan Langsung",APBD,"Pemerintah Daerah Kota Bandung","DINAS KEPENDUDUKAN DAN PENCATATAN SIPIL",2016,"Penyediaan Jasa Tenaga Pendukung Administrasi Perkantoran/Teknis Perkantoran ",Barang/jasa,"Jasa Konsultansi","1 Paket",Disdukcapil,"Jasa Konsultansi Aplikasi Kesekertariatan IKM",APBD," 35000000",1.10.1.10.01.01.01.19.5.2.2.21.04,"Pengadaan Langsung",01-10-2016,15-10-2016,16-10-2016,16-11-2016
8482753,"Pengadaan Kursi Kerja Pejabat",10000000,"Pengadaan Langsung",APBDP,"Pemerintah Daerah Kota Bandung","DINAS KEPENDUDUKAN DAN PENCATATAN SIPIL",2016,"Penyediaan Peralatan dan Perlengkapan Kantor",Barang/jasa,Barang,"1 Paket","Jl. Ambon No.1B Kota Bandung",-,APBDP," 10000000",1.10.1.10.01.01.01.13.5.2.3.30.03,"Pengadaan Langsung",28-11-2016,01-12-2016,02-12-2016,07-12-2016
6871142,"Belanja Modal Troly Barang",10000000,"Pengadaan Langsung",APBD,"Pemerintah Daerah Kota Bandung","DINAS KEPENDUDUKAN DAN PENCATATAN SIPIL",2016,"Penyediaan Peralatan dan Perlengkapan Kantor",Modal,Barang,"1 Paket","Jl. Ambon No.1B Kota Bandung",-,APBD," 10000000",1.10.1.10.01.01.01.13.5.2.3.27.05,"Pengadaan Langsung",21-03-2016,29-03-2016,30-03-2016,12-04-2016
6550716,"Belanja Peralatan yang tidak dikapitalisasi (Belanja Kartu Memori)",2000000,"Pengadaan Langsung",APBD,"Pemerintah Daerah Kota Bandung","DINAS KEPENDUDUKAN DAN PENCATATAN SIPIL",2016,"Penyediaan Peralatan dan Perlengkapan Kantor",Barang/jasa,Barang,"1 Unit","Jl. Ambon No.1B",-,APBD," 2000000",1.10.1.10.01.01.01.13.5.2.2.31.01,"Pengadaan Langsung",16-02-2016,24-02-2016,25-02-2016,07-03-2016
6545030,"Penataan Ruang Pelayanan",200000000,"Pengadaan Langsung",APBD,"Pemerintah Daerah Kota Bandung","DINAS KEPENDUDUKAN DAN PENCATATAN SIPIL",2016,"Pemeliharaan Rutin/Berkala Gedung Kantor",Barang/jasa,"Pekerjaan Konstruksi","1 Paket","Jl. Ambon No.1B Kota Bandung","Meningkatkan Kenyamanan dan Estetika Ruang pelayanan",APBD," 200000000",1.10.1.10.01.01.02.22.5.2.2.20.05,"Pengadaan Langsung",21-03-2016,31-03-2016,04-04-2016,29-04-2016
6722266,"Penggandaan Buku Kependudukan",50000000,"Pengadaan Langsung",APBD,"Pemerintah Daerah Kota Bandung","DINAS KEPENDUDUKAN DAN PENCATATAN SIPIL",2016,"Penyediaan Barang Cetakan dan Penggandaan",Barang/jasa,Barang,"1 paket","Jl.Ambon No.1 B Kota Bandung",-,APBD," 50000000",1.10.1.10.01.01.01.11.5.2.2.06.02,"Pengadaan Langsung",02-05-2016,23-05-2016,24-05-2016,20-06-2016
6599734,"Belanja Modal Meja Kerja",35000000,"Pengadaan Langsung",APBD,"Pemerintah Daerah Kota Bandung","DINAS KEPENDUDUKAN DAN PENCATATAN SIPIL",2016,"Penyediaan Peralatan dan Perlengkapan Kantor",Modal,Barang,"1 Paket","Jl. Ambon No.1B Kota Bandung","Meja Kerja untuk diruangan Pencetakan Akta",APBD," 35000000",1.10.1.10.01.01.01.13.5.2.3.30.01,"Pengadaan Langsung",17-02-2016,26-02-2016,29-02-2016,11-03-2016
